Superior <- c("1901523", "2131408", "24983", "29213", "60688", "67932", "10456", "12134", "14044", "15476", "55267", "57676", "9907", "11701", "40368", "41592", "59742", "69821", "272407", "279472", "24114", "27416", "75459", "85163", "32558", "40539", "48537", "57965", "119088", "137696", "211122", "238274", "52344", "62183", "29000", "34162", "15392", "18413", "116708", "124068", "33036", "40584", "119393", "142949", "39006", "45754", "18938", "19878", "36848", "42676", "60802", "70883", "52815", "60773", "35225", "35884", "62338", "73545", "17933", "21475", "91393", "94822", "39752", "43913", "21860", "27376")
Medio_Superior <- c("2420910", "2582177", "27212", "29768", "71558", "76496", "16206", "17217", "18329", "18123", "58486", "60540", "14163", "15920", "103871", "103902", "69656", "77880", "225562", "227155", "36744", "40335", "111488", "124724", "65853", "71664", "65399", "71479", "156192", "170768", "321647", "345554", "76528", "89669", "35455", "39323", "24643", "27220", "96372", "94841", "68286", "75082", "131681", "144602", "42307", "47748", "35359", "36516", "48649", "51574", "66919", "71532", "57799", "60470", "58393", "56777", "66331", "70210", "28957", "29478", "145805", "154297", "45737", "47047", "29323", "34266")
Secundaria <- c("3119827", "3091097", "37116", "36591", "92195", "91432", "20684", "20255", "22790", "21912", "77402", "76561", "17206", "16745", "149580", "142722", "92823", "92530", "206382", "202844", "48405", "48054", "155312", "155022", "91758", "91634", "84722", "84228", "207100", "205110", "424760", "420606", "109103", "113321", "46486", "46781", "31835", "31698", "138946", "136456", "97954", "98269", "168200", "169666", "59777", "60348", "47500", "46183", "71101", "70748", "76545", "74847", "73569", "72154", "68592", "65568", "84933", "85076", "36910", "36508", "182441", "180629", "53634", "52619", "44066", "43980")
Preescolar <- c("2179034", "2155904", "26746", "26498", "48130", "49446", "12390", "12690", "16637", "16249", "65362", "64573", "11253", "11230", "147140", "145932", "56812", "56481", "110097", "109174", "33089", "32218", "117392", "115898", "84975", "82873", "50105", "49204", "143592", "142478", "245593", "245720", "92387", "91659", "29657", "29227", "22952", "22307", "99763", "97567", "79980", "79131", "136336", "135253", "41108", "40373", "27843", "27098", "56759", "55765", "56186", "54238", "43293", "42898", "53553", "52352", "49930", "50378", "24772", "24773", "110990", "109505", "49184", "47709", "35028", "35007")
Primaria <- c("6779902", "6566067", "81207", "78865", "192749", "186946", "42020", "40573", "49867", "48345", "166327", "160844", "36205", "35086", "404564", "392045", "207388", "200427", "377824", "368271", "109048", "104548", "347829", "335844", "214231", "208044", "168649", "163581", "465528", "449699", "863719", "840665", "274252", "266698", "99214", "95893", "68634", "65932", "296881", "286661", "231482", "225381", "380486", "371237", "128675", "124822", "98493", "95541", "151036", "145975", "156718", "150131", "149662", "143660", "141601", "136570", "183445", "176487", "75232", "73074", "402345", "386553", "116719", "112192", "97872", "95477")
Sexo <- c("Hombres", "Mujeres", "Hombres", "Mujeres", "Hombres", "Mujeres", "Hombres", "Mujeres", "Hombres", "Mujeres", "Hombres", "Mujeres", "Hombres", "Mujeres", "Hombres", "Mujeres", "Hombres", "Mujeres", "Hombres", "Mujeres", "Hombres", "Mujeres", "Hombres", "Mujeres", "Hombres", "Mujeres", "Hombres", "Mujeres", "Hombres", "Mujeres", "Hombres", "Mujeres", "Hombres", "Mujeres", "Hombres", "Mujeres", "Hombres", "Mujeres", "Hombres", "Mujeres", "Hombres", "Mujeres", "Hombres", "Mujeres", "Hombres", "Mujeres", "Hombres", "Mujeres", "Hombres", "Mujeres", "Hombres", "Mujeres", "Hombres", "Mujeres", "Hombres", "Mujeres", "Hombres", "Mujeres", "Hombres", "Mujeres", "Hombres", "Mujeres")
Entidad <- c("Estados Unidos Mexicanos", "Aguascalientes", "Baja California", "Baja California Sur", "Campeche", "Coahuila de Zaragoza", "Colima", "Chiapas", "Chihuahua", "Ciudad de México", "Durango", "Guanajuato", "Guerrero", "Hidalgo", "Jalisco", "México", "Michoacán de Ocampo", "Morelos", "Nayarit", "Nuevo León", "Oaxaca", "Puebla", "Querétaro", "Quintana Roo", "San Luis Potosí", "Sinaloa", "Sonora", "Tabasco", "Tamaulipas", "Tlaxcala", "Veracruz de Ignacio de la Llave", "Yucatán", "Zacatecas")

