genero_asignado <- c("F", "M", "F", "M", "M", "M", "M", "F", "F", "M", "M", "M", "F", "M", "F", "M", "M", "F", "M", "M", "F", "F", "M", "M", "F", "F", "M", "M", "M", "F", "F", "F", "F", "M", "F", "F", "F", "M", "F", "F", "F", "M", "M", "F", "M", "M", "M", "M", "M", "F", "M", "F", "M", "M", "M", "F", "F", "F", "M", "F", "F", "M", "F", "F", "M", "F", "M", "M", "M", "M", "F", "M", "F", "F", "F", "M", "F", "F", "M", "M", "M", "M", "F", "F", "F", "F", "F", "F", "M", "M", "F", "F", "M", "M", "M", "M", "M", "F", "F", "F")


edad_madre <- c(25, 28, 18, 21, 25, 28, 33, 31, 18, 24, 31, 28, 27, 33, 30, 19, 33, 34, 31, 32, 35, 32, 32, 23, 19, 16, 28,
                  19, 21, 24, 35, 20, 28, 37, 26, 28, 34, 32, 25, 23, 28, 32, 34, 23, 24, 28, 27, 44, 23, 24, 29, 40, 36, 20,
                  46, 37, 31, 32, 24, 22, 33, 23, 27, 28, 30, 27, 31, 37, 20, 28, 16, 27, 21, 28, 22, 36, 34, 33, 22, 28, 35,
                  34, 31, 26, 17, 36, 35, 20, 30, 29, 29, 22, 28, 20, 27, 35, 34, 22, 29, 28)


dia <- c(1, 6, 2, 5, 7, 3, 2, 7, 3, 4, 3, 3, 6, 2, 6, 4, 7, 1, 5, 5, 6, 5, 6, 3, 6, 1, 6, 3, 4, 5, 6, 3, 2, 4, 5, 7, 5, 7,
                  2, 6, 2, 1, 3, 1, 4, 5, 7, 2, 2, 4, 2, 4, 2, 1, 2, 7, 3, 2, 4, 7, 1, 6, 6, 5, 4, 1, 3, 3, 4, 5, 2, 3, 2, 6, 2, 3,
                  3, 6, 3, 5, 2, 4, 5, 6, 1, 7, 3, 3, 3, 5, 4, 6, 2, 3, 5, 2, 6, 5, 5, 5)

mes <- c(9, 2, 2, 10, 7, 3, 5, 4, 10, 4, 3, 4, 7, 11, 1, 1, 7, 11, 3, 10, 10, 5, 2, 12, 9,
                  10, 3, 6, 7, 11, 2, 5, 3, 8, 7, 1, 9, 1, 8, 2, 6, 12, 11, 2, 7, 9, 7, 9, 5, 6,
                  12, 11, 9, 1, 6, 11, 10, 9, 4, 3, 5, 7, 10, 9, 5, 10, 1, 5, 3, 7, 10, 4, 8, 12,
                  7, 11, 9, 10, 2, 4, 2, 12, 7, 8, 12, 5, 1, 9, 5, 2, 9, 5, 1, 3, 8, 2, 8, 4, 4,
                  6)

APGAR <- c(8, 9, 9, 9, 10, 8, 9, 9, 9, 9, 9, 9, 9, 9, 9, 9, 9, 9, 9, 8, 10, 9, 1, 8, 9, 9, 8, 9, 9, 9, 8, 9, 9, 8, 9, 9, 8, 8, 9, 9, 9, 9, 9, 9, 9, 8, 9, 9, 9, 9, 10, 9, 9, 9, 9, 9, 9, 9, 8, 8, 9, 9, 8, 8, 8, 9, 9, 9, 8, 8, 9, 9, 9, 10, 7, 8, 9, 9, 9, 9, 9, 9, 9, 9, 9, 8, 9, 9, 9, 8, 9, 9, 9, 9, 9, 9, 9, 9, 9)
